0
2
4
5
7
8
10
12
13
14
17
18
22
25
29
30
33
35
36
37
38
39
43
45
46
47
53
56
58
60
61
64
68
70
74
75
76
78
79
80
82
83
87
90
91
95
98
100
102
103
105
106
107
110
112
114
115
120
122
124
125
127
129
136
137
141
144
148
151
153
155
156
158
161
167
171
173
177
178
182
184
185
186
187
192
194
195
197
198
200
201
203
206
208
211
219
221
224
226
227
228
232
234
235
243
247
248
250
252
253
254
256
259
262
264
266
267
269
279
281
282
284
287
288
292
293
295
296
301
307
308
309
310
312
313
314
315
325
330
336
342
346
347
350
352
358
363
364
373
376
377
380
382
383
384
386
390
393
394
397
400
403
404
405
407
408
413
414
419
425
426
430
437
441
442
447
448
449
450
451
452
459
467
468
472
476
478
480
481
486
487
489
491
493
494
496
497
502
511
512
513
519
522
524
525
526
531
533
535
536
539
541
542
545
546
547
551
554
555
559
560
566
567
570
572
573
575
576
578
581
582
587
589
597
600
602
605
606
610
613
615
616
621
626
629
630
631
633
640
644
647
650
651
653
659
660
663
664
666
667
668
672
674
680
684
689
694
696
697
699
700
702
708
710
717
718
719
720
721
724
726
727
728
734
736
737
738
741
742
744
745
746
749
750
752
760
761
762
766
768
772
774
775
777
783
785
786
787
788
789
792
795
797
798
799
802
803
805
806
807
812
813
814
815
818
819
821
822
823
825
828
832
833
835
836
837
839
842
843
849
851
852
856
865
867
868
871
872
873
874
876
878
879
880
881
882
884
885
887
895
898
900
902
905
906
907
909
910
912
914
917
922
925
926
930
933
934
939
946
949
950
952
954
956
957
961
963
969
971
974
975
978
979
982
983
984
989
991
993
996
997
998
1000
1006
1008
1009
1010
1011
1015
1021
1023
1024
1025
1026
1028
1034
1038
1039
1041
1047
1048
1051
1053
1054
1056
1061
1064
1066
1068
1071
1074
1077
1078
1081
1082
1083
1084
1087
1090
1093
1094
1096
1097
1098
1104
1105
1106
1107
1109
1111
1115
1116
1118
1119
1120
1121
1122
1126
1128
1129
1131
1132
1135
1136
1140
1141
1142
1144
1147
1148
1154
1157
1159
1162
1165
1169
1172
1174
1175
1176
1178
1179
1180
1183
1188
1191
1193
1194
1195
1196
1198
1199
1201
1207
1208
1211
1220
1222
1225
1228
1230
1232
1234
1235
1236
1237
1238
1240
1241
1242
1244
1245
1246
1247
1251
1252
1253
1257
1264
1266
1270
1273
1276
1278
1281
1282
1284
1287
1289
1291
1292
1295
1296
1297
1302
1304
1311
1314
1316
1318
1319
1320
1321
1322
1325
1331
1337
1340
1341
1344
1345
1346
1349
1353
1357
1358
1359
1360
1370
1371
1372
1374
1376
1377
1379
1380
1385
1386
1388
1393
1402
1406
1412
1414
1415
1418
1419
1421
1422
1423
1424
1426
1427
1433
1434
1435
1437
1439
1441
1443
1447
1448
1450
1451
1453
1459
1460
1461
1463
1464
1468
1476
1477
1478
1479
1480
1486
1487
1488
1493
1494
1495
1496
1501
1503
1504
1507
1510
1515
1517
1518
1519
1524
1525
1528
1529
1532
1536
1538
1539
1541
1550
1551
1552
1555
1557
1558
1559
1562
1563
1564
1567
1568
1569
1570
1571
1573
1574
1579
1582
1584
1585
1586
1588
1589
1593
1597
1598
1603
1604
1609
1610
1615
1617
1618
1620
1621
1622
1623
1627
1628
1630
1633
1634
1640
1641
1645
1646
1653
1655
1656
1659
1660
1662
1664
1667
1668
1669
1674
1676
1677
1680
1682
1683
1686
1689
1691
1694
1695
1698
1703
1705
1707
1709
1710
1719
1720
1724
1726
1728
1729
1730
1731
1732
1735
1741
1745
1748
1753
1756
1758
1759
1764
1765
1768
1772
1775
1776
1777
1781
1782
1784
1786
1791
1793
1796
1801
1806
1809
1810
1811
1812
1814
1816
1818
1819
1820
1826
1830
1831
1835
1837
1838
1840
1849
1852
1856
1859
1862
1863
1865
1866
1867
1869
1870
1872
1875
1876
1879
1883
1887
1891
1893
1897
1902
1908
1909
1910
1913
1915
1916
1918
1919
1921
1922
1926
1927
1931
1939
1944
1949
1954
1955
1956
1957
1963
1973
1975
1977
1978
1980
1981
1982
1984
1985
1986
1988
1990
1994
1995
1997
1998
1999
2002
2003
2008
2011
2018
2021
2024
2026
2028
2030
2031
2033
2034
2036
2044
2045
2048
2055
2056
2057
2058
2059
2061
2064
2065
2074
2080
2081
2082
2085
2087
2091
2092
2095
2097
2099
2101
2103
2104
2105
2109
2112
2113
2118
2123
2130
2131
2132
2135
2136
2137
2142
2147
2148
2149
2156
2164
2169
2171
2174
2179
2180
2193
2195
2200
2203
2209
2211
2212
2214
2215
2216
2218
2219
2220
2221
2222
2225
2235
2236
2238
2239
2241
2246
2248
2250
2256
2259
2266
2273
2281
2285
2290
2296
2298
2302
2303
2309
2311
2313
2314
2317
2321
2322
2326
2330
2331
2333
2335
2336
2337
2340
2341
2342
2345
2346
2348
2354
2355
2357
2359
2360
2361
2363
2371
2373
2377
2378
2385
2389
2391
2394
2395
2400
2402
2409
2413
2418
2419
2420
2421
2422
2423
2428
2430
2431
2433
2436
2437
2441
2442
2447
2448
2449
2451
2452
2454
2457
2458
2461
2462
2465
2474
2478
2484
2486
2492
2496
2499
2501
2510
2511
2512
2516
2517
2520
2524
2526
2527
2530
2533
2535
2536
2540
2542
2544
2545
2546
2550
2551
2552
2554
2556
2557
2559
2561
2562
2564
2567
2568
2574
2580
2581
2583
2584
2586
2587
2588
2590
2595
2596
2597
2603
2605
2606
2607
2609
2613
2619
2623
2629
2633
2634
2637
2638
2640
2646
2647
2648
2649
2651
2653
2654
2660
2661
2663
2665
2666
2667
2670
2671
2673
2675
2679
2681
2684
2685
2696
2697
2698
2699
2702
2704
2708
2709
2710
2712
2713
2717
2720
2721
2725
2734
2737
2738
2740
2742
2747
2750
2756
2757
2758
2762
2768
2771
2777
2780
2781
2787
2793
2794
2795
2797
2799
2800
2804
2805
2807
2810
2811
2815
2821
2824
2826
2828
2835
2836
2837
2838
2839
2846
2851
2853
2856
2861
2869
2872
2873
2874
2875
2876
2879
2883
2884
2886
2888
2889
2897
2900
2908
2911
2915
2916
2917
2921
2923
2924
2925
2928
2929
2930
2933
2937
2940
2942
2943
2945
2948
2951
2953
2957
2958
2959
2961
2962
2963
2965
2967
2968
2969
2976
2977
2980
2983
2984
2989
2990
2993
2997
3003
3006
3009
3010
3011
3012
3014
3016
3017
3020
3023
3024
3025
3029
3032
3033
3036
3037
3039
3040
3042
3043
3046
3047
3049
3052
3054
3055
3060
3061
3064
3065
3066
3072
3074
3077
3081
3086
3090
3094
3096
3100
3102
3114
3116
3119
3122
3128
3130
3131
3132
3134
3135
3136
3138
3139
3150
3151
3152
3154
3155
3160
3161
3162
3163
3164
3172
3180
3182
3184
3185
3187
3188
3190
3195
3196
3197
3199
3200
3201
3203
3205
3207
3212
3214
3215
3218
3219
3220
3228
3230
3233
3236
3237
3238
3243
3245
3248
3253
3254
3258
3260
3261
3262
3264
3265
3271
3272
3273
3275
3276
3279
3281
3287
3292
3293
3296
3297
3299
3301
3302
3305
3306
3308
3311
3312
3315
3316
3324
3325
3326
3328
3335
3336
3338
3340
3342
3346
3348
3351
3357
3358
3361
3362
3364
3366
3369
3371
3372
3375
3381
3391
3392
3393
3395
3397
3398
3399
3400
3405
3407
3410
3413
3414
3416
3417
3420
3423
3425
3432
3433
3434
3435
3436
3438
3439
3440
3442
3443
3444
3450
3452
3453
3454
3457
3458
3460
3461
3468
3471
3472
3474
3476
3477
3484
3486
3487
3489
3491
3494
3497
3499
3501
3503
3507
3508
3510
3516
3518
3521
3522
3524
3530
3531
3532
3536
3538
3545
3547
3551
3553
3557
3558
3560
3561
3563
3566
3567
3568
3569
3571
3572
3573
3574
3576
3579
3586
3587
3589
3590
3591
3592
3594
3603
3605
3606
3610
3616
3619
3620
3621
3622
3627
3628
3630
3631
3634
3638
3641
3646
3649
3652
3654
3656
3659
3662
3668
3669
3672
3676
3678
3679
3680
3681
3683
3685
3688
3689
3695
3696
3699
3710
3713
3714
3716
3718
3719
3722
3723
3736
3738
3739
3743
3745
3748
3751
3754
3757
3759
3760
3762
3763
3764
3767
3768
3777
3778
3781
3782
3784
3785
3786
3792
3793
3796
3797
3802
3807
3811
3813
3814
3815
3822
3823
3828
3829
3830
3833
3834
3836
3840
3844
3845
3849
3850
3859
3860
3862
3863
3864
3865
3871
3878
3880
3882
3883
3892
3893
3895
3896
3898
3900
3901
3903
3905
3907
3908
3909
3911
3917
3918
3920
3921
3922
3924
3926
3928
3930
3931
3933
3936
3937
3942
3948
3950
3951
3955
3956
3959
3963
3965
3966
3968
3969
3971
3978
3981
3984
3985
3989
3993
3994
4000
4002
4006
4007
4008
4012
4015
4016
4017
4019
4021
4022
4023
4026
4027
4032
4038
4043
4046
4049
4050
4059
4061
4062
4063
4064
4065
4066
4067
4071
4072
4073
4075
4076
4079
4081
4083
4084
4088
4089
4090
4094
4097
4107
4111
4115
4116
4121
4122
4124
4126
4127
4128
4133
4134
4135
4137
4138
4139
4140
4144
4145
4147
4149
4150
4152
4160
4163
4165
4169
4171
4175
4177
4178
4180
4183
4185
4186
4188
4190
4191
4192
4193
4195
4198
4203
4204
4205
4207
4209
4218
4219
4220
4223
4225
4226
4228
4232
4234
4235
4236
4240
4241
4243
4244
4246
4250
4251
4252
4253
4258
4263
4265
4275
4276
4279
4280
4281
4282
4284
4287
4291
4295
4296
4297
4300
4303
4304
4314
4315
4316
4317
4319
4321
4322
4330
4332
4333
4334
4337
4338
4344
4347
4348
4349
4350
4351
4355
4359
4361
4364
4366
4367
4369
4371
4373
4374
4377
4381
4382
4383
4384
4388
4389
4391
4393
4394
4400
4402
4403
4404
4405
4407
4408
4410
4415
4417
4422
4424
4425
4428
4430
4432
4433
4436
4440
4444
4449
4450
4451
4452
4453
4459
4463
4468
4473
4477
4478
4481
4482
4483
4484
4485
4489
4496
4502
4504
4506
4507
4508
4510
4511
4518
4519
4520
4521
4523
4524
4525
4528
4530
4531
4535
4540
4542
4543
4545
4549
4553
4559
4561
4562
4564
4567
4569
4570
4571
4572
4574
4575
4577
4579
4581
4583
4584
4585
4593
4596
4597
4602
4603
4604
4605
4607
4608
4609
4611
4612
4615
4620
4628
4629
4630
4631
4632
4637
4645
4646
4649
4653
4655
4656
4657
4658
4659
4660
4665
4666
4669
4670
4671
4674
4675
4679
4680
4681
4685
4686
4687
4688
4690
4693
4694
4695
4696
4698
4699
4702
4703
4707
4708
4709
4712
4714
4715
4716
4725
4726
4727
4728
4732
4733
4734
4735
4738
4741
4744
4746
4747
4749
4750
4755
4758
4761
4762
4765
4767
4770
4772
4773
4778
4780
4781
4784
4785
4786
4788
4791
4793
4794
4796
4798
4802
4805
4807
4809
4812
4815
4817
4820
4827
4830
4835
4836
4839
4840
4842
4844
4848
4850
4852
4853
4856
4857
4858
4861
4862
4864
4865
4866
4870
4872
4873
4877
4879
4880
4882
4884
4885
4886
4890
4891
4892
4897
4899
4900
4904
4905
4906
4912
4919
4924
4926
4927
4928
4930
4933
4934
4935
4936
4937
4940
4942
4949
4951
4953
4960
4962
4965
4967
4968
4969
4970
4976
4979
4983
4984
4989
4990
4994
4996
4997
4999
5008
5010
5012
5014
5015
5017
5023
5025
5026
5027
5028
5029
5030
5033
5034
5037
5040
5041
5044
5045
5047
5052
5054
5060
5061
5062
5063
5066
5069
5074
5080
5082
5084
5086
5089
5095
5098
5099
5101
5102
5103
5105
5107
5108
5109
5110
5112
5114
5118
5119
5121
5124
5130
5132
5138
5143
5145
5147
5151
5153
5155
5158
5159
5160
5162
5163
5166
5178
5179
5180
5181
5183
5189
5190
5191
5193
5194
5197
5199
5203
5212
5213
5215
5217
5218
5222
5231
5232
5236
5239
5240
5242
5244
5246
5248
5250
5252
5257
5258
5260
5262
5264
5272
5275
5277
5278
5280
5283
5288
5289
5292
5298
5299
5301
5302
5303
5304
5305
5312
5314
5317
5327
5329
5332
5333
5336
5345
5347
5354
5358
5359
5360
5361
5364
5365
5368
5369
5370
5371
5374
5376
5377
5379
5385
5389
5390
5391
5395
5396
5397
5398
5401
5402
5405
5407
5408
5413
5417
5420
5421
5423
5424
5425
5429
5431
5432
5433
5434
5435
5436
5437
5438
5440
5444
5449
5454
5455
5456
5457
5458
5461
5470
5477
5479
5480
5482
5485
5488
5491
5493
5495
5496
5498
5499
5501
5506
5509
5510
5511
5512
5516
5518
5520
5522
5524
5525
5526
5533
5535
5537
5539
5544
5545
5549
5551
5554
5559
5560
5564
5565
5571
5574
5575
5580
5583
5585
5586
5587
5590
5591
5592
5596
5599
5602
5603
5605
5607
5608
5609
5610
5614
5616
5619
5621
5624
5626
5628
5629
5630
5635
5638
5641
5646
5647
5649
5651
5653
5657
5660
5665
5671
5676
5678
5679
5682
5685
5686
5688
5691
5699
5702
5704
5705
5710
5713
5715
5716
5718
5720
5722
5724
5726
5728
5729
5730
5732
5735
5739
5741
5750
5752
5755
5757
5758
5759
5760
5763
5765
5766
5771
5772
5776
5778
5781
5782
5783
5786
5787
5791
5794
5795
5796
5798
5799
5803
5804
5808
5810
5815
5816
5818
5819
5820
5823
5825
5826
5828
5831
5834
5838
5840
5841
5842
5844
5845
5846
5849
5855
5858
5859
5860
5864
5865
5868
5870
5873
5874
5876
5877
5878
5882
5883
5884
5885
5886
5894
5899
5901
5904
5909
5910
5911
5914
5918
5919
5921
5924
5926
5927
5928
5930
5932
5934
5935
5942
5950
5955
5956
5957
5959
5960
5966
5969
5971
5972
5975
5977
5978
5982
5986
5988
5990
5992
5993
5996
5997
5999
6000
6001
6004
6008
6011
6012
6014
6016
6018
6023
6026
6029
6033
6035
6036
6037
6038
6042
6044
6048
6051
6052
6054
6056
6057
6059
6060
6064
6065
6067
6070
6072
6075
6081
6082
6083
6085
6086
6087
6089
6091
6092
6099
6102
6105
6107
6108
6109
6110
6112
6113
6116
6117
6119
6122
6123
6124
6126
6127
6128
6131
6132
6133
6139
6145
6147
6148
6150
6151
6152
6153
6157
6158
6161
6162
6164
6165
6167
6169
6171
6173
6174
6175
6176
6177
6178
6179
6183
6184
6185
6186
6192
6193
6195
6196
6197
6202
6204
6206
6211
6214
6217
6223
6224
6232
6234
6235
6239
6244
6249
6250
6252
6253
6255
6260
6262
6267
6268
6269
6272
6275
6276
6278
6279
6283
6289
6296
6298
6299
6301
6303
6308
6309
6310
6312
6313
6315
6316
6317
6319
6320
6323
6325
6327
6330
6331
6332
6333
6336
6338
6340
6341
6342
6347
6350
6352
6354
6355
6360
6361
6365
6366
6370
6371
6372
6373
6375
6379
6382
6388
6390
6392
6393
6402
6404
6406
6412
6416
6417
6422
6425
6427
6429
6431
6432
6433
6434
6439
6445
6447
6450
6452
6453
6454
6457
6458
6460
6471
6475
6476
6477
6479
6481
6482
6485
6487
6488
6496
6498
6502
6503
6505
6508
6511
6514
6515
6516
6519
6521
6523
6525
6526
6529
6531
6532
6535
6536
6537
6538
6539
6542
6546
6548
6549
6552
6554
6559
6561
6565
6571
6572
6573
6574
6575
6578
6581
6582
6583
6587
6588
6589
6590
6591
6593
6594
6596
6597
6599
6600
6604
6605
6607
6612
6613
6614
6616
6618
6619
6620
6623
6625
6626
6634
6636
6637
6639
6640
6642
6643
6644
6645
6650
6652
6655
6658
6661
6664
6666
6668
6669
6672
6673
6675
6676
6677
6680
6682
6687
6688
6690
6691
6693
6695
6702
6704
6714
6715
6716
6718
6729
6734
6736
6737
6738
6739
6742
6743
6746
6749
6750
6755
6758
6760
6761
6763
6764
6766
6767
6768
6770
6777
6778
6779
6780
6782
6785
6788
6789
6790
6791
6793
6794
6796
6798
6800
6801
6806
6810
6811
6812
6813
6814
6815
6818
6819
6820
6823
6825
6837
6838
6839
6840
6841
6842
6843
6845
6848
6849
6851
6854
6857
6858
6862
6863
6865
6866
6870
6872
6875
6878
6881
6882
6886
6888
6890
6893
6896
6900
6903
6906
6908
6909
6911
6912
6913
6919
6920
6925
6929
6931
6933
6938
6940
6942
6945
6952
6954
6955
6956
6960
6964
6966
6969
6970
6972
6979
6980
6983
6992
6993
6999
7000
7007
7008
7009
7012
7017
7019
7022
7024
7026
7027
7029
7031
7032
7034
7035
7036
7040
7043
7044
7045
7047
7048
7049
7056
7058
7059
7061
7065
7067
7068
7069
7070
7074
7077
7078
7079
7080
7082
7085
7086
7087
7088
7091
7093
7095
7096
7098
7099
7101
7105
7107
7108
7111
7114
7115
7116
7117
7118
7119
7121
7122
7123
7124
7126
7128
7131
7135
7138
7139
7140
7148
7150
7152
7153
7156
7157
7158
7160
7163
7168
7170
7171
7172
7173
7174
7177
7178
7184
7185
7188
7191
7195
7197
7198
7200
7202
7203
7205
7206
7207
7209
7211
7212
7213
7214
7215
7217
7219
7220
7222
7223
7229
7236
7238
7240
7242
7243
7247
7249
7250
7253
7254
7255
7256
7258
7262
7269
7271
7276
7277
7278
7281
7286
7288
7289
7294
7295
7299
7301
7303
7304
7305
7306
7307
7308
7310
7312
7320
7322
7323
7325
7329
7330
7332
7333
7334
7337
7339
7340
7341
7343
7344
7346
7347
7353
7356
7357
7359
7362
7363
7366
7371
7374
7375
7377
7378
7380
7381
7382
7384
7391
7392
7396
7398
7399
7401
7402
7405
7406
7409
7411
7413
7415
7418
7419
7420
7423
7426
7430
7432
7434
7437
7438
7446
7448
7449
7450
7454
7457
7461
7464
7465
7466
7467
7470
7472
7473
7476
7477
7478
7486
7487
7489
7498
7501
7503
7515
7518
7520
7524
7525
7528
7531
7532
7533
7534
7536
7538
7540
7542
7543
7546
7547
7550
7551
7554
7556
7558
7563
7566
7567
7569
7572
7575
7576
7579
7580
7585
7586
7587
7588
7589
7590
7594
7597
7600
7601
7604
7605
7607
7609
7611
7617
7619
7621
7623
7627
7629
7631
7633
7636
7637
7638
7640
7641
7645
7647
7649
7651
7652
7658
7662
7663
7665
7666
7667
7668
7669
7671
7673
7676
7677
7678
7685
7686
7687
7688
7689
7690
7693
7695
7699
7703
7708
7710
7715
7720
7726
7731
7732
7736
7737
7740
7741
7745
7751
7754
7755
7758
7759
7763
7764
7765
7769
7771
7772
7776
7777
7778
7780
7781
7782
7786
7788
7789
7793
7795
7801
7802
7804
7806
7807
7808
7811
7815
7818
7821
7824
7826
7827
7829
7832
7834
7835
7838
7843
7845
7846
7847
7849
7853
7855
7856
7857
7863
7868
7875
7877
7879
7883
7887
7890
7891
7892
7893
7895
7898
7899
7900
7901
7902
7905
7915
7917
7918
7922
7925
7928
7929
7935
7936
7938
7939
7941
7942
7946
7950
7953
7954
7956
7958
7960
7961
7965
7972
7974
7981
7983
7986
7989
8000
8002
8004
8005
8007
8008
8012
8013
8016
8017
8026
8027
8030
8033
8034
8037
8040
8042
8043
8048
8049
8055
8056
8057
8058
8059
8061
8063
8071
8073
8077
8078
8082
8085
8086
8087
8088
8089
8090
8091
8093
8094
8096
8097
8098
8100
8101
8102
8104
8110
8111
8112
8113
8119
8120
8126
8128
8129
8131
8133
8135
8136
8138
8139
8141
8146
8148
8149
8154
8155
8157
8159
8162
8163
8164
8165
8167
8172
8176
8177
8179
8180
8182
8186
8187
8188
8190
8195
8196
8202
8204
8215
8216
8217
8221
8222
8223
8225
8228
8229
8232
8233
8234
8235
8236
8237
8240
8241
8250
8251
8253
8254
8256
8257
8261
8264
8266
8268
8272
8273
8274
8276
8277
8279
8281
8288
8289
8290
8293
8296
8298
8299
8301
8305
8307
8311
8312
8314
8317
8318
8319
8321
8322
8324
8328
8329
8331
8332
8334
8335
8336
8337
8341
8345
8346
8353
8355
8364
8365
8369
8370
8372
8373
8374
8375
8376
8378
8379
8380
8382
8383
8384
8386
8387
8388
8390
8391
8392
8394
8397
8400
8401
8405
8408
8409
8410
8413
8418
8422
8423
8426
8428
8429
8433
8436
8440
8441
8443
8446
8451
8456
8457
8459
8462
8466
8471
8472
8474
8477
8478
8479
8480
8490
8492
8494
8496
8498
8501
8504
8511
8513
8514
8515
8516
8528
8529
8536
8540
8543
8545
8547
8548
8552
8553
8556
8557
8559
8562
8565
8566
8567
8571
8579
8583
8584
8585
8586
8593
8596
8599
8603
8605
8608
8611
8616
8617
8623
8628
8633
8635
8636
8641
8642
8645
8647
8650
8651
8652
8653
8657
8658
8661
8665
8667
8669
8683
8685
8686
8687
8688
8690
8694
8695
8699
8700
8701
8702
8705
8706
8710
8713
8715
8716
8720
8722
8724
8726
8727
8733
8734
8735
8740
8743
8744
8747
8750
8752
8753
8761
8762
8764
8765
8768
8769
8771
8774
8777
8782
8783
8784
8788
8789
8793
8799
8805
8809
8810
8811
8813
8815
8818
8824
8825
8826
8828
8829
8834
8835
8836
8839
8841
8842
8844
8845
8846
8848
8850
8854
8857
8860
8861
8862
8877
8881
8883
8884
8887
8890
8891
8894
8895
8896
8897
8901
8903
8906
8910
8912
8917
8920
8925
8928
8937
8942
8943
8946
8947
8948
8954
8956
8959
8964
8966
8967
8968
8971
8972
8975
8979
8980
8982
8983
8984
8986
8988
8991
8994
8996
8997
9000
9002
9003
9005
9006
9007
9014
9015
9018
9019
9020
9021
9022
9024
9025
9029
9030
9031
9034
9035
9036
9044
9050
9053
9059
9062
9065
9066
9074
9075
9076
9079
9081
9085
9089
9092
9093
9095
9096
9097
9098
9099
9101
9102
9105
9107
9109
9111
9113
9114
9116
9118
9123
9129
9130
9132
9133
9134
9136
9137
9142
9148
9150
9157
9158
9159
9166
9167
9170
9177
9180
9181
9182
9184
9189
9190
9191
9194
9199
9201
9202
9210
9211
9212
9214
9221
9222
9224
9227
9229
9235
9237
9238
9239
9243
9244
9250
9251
9254
9257
9260
9261
9264
9265
9267
9268
9273
9277
9278
9279
9282
9285
9286
9288
9289
9291
9296
9298
9300
9301
9304
9309
9310
9311
9313
9314
9315
9316
9317
9320
9322
9326
9327
9328
9332
9335
9341
9344
9347
9352
9355
9358
9365
9367
9369
9374
9375
9376
9378
9379
9381
9383
9386
9390
9392
9393
9394
9397
9418
9425
9426
9428
9434
9436
9438
9439
9442
9447
9452
9454
9455
9458
9459
9461
9469
9470
9475
9478
9480
9485
9486
9489
9492
9497
9498
9500
9501
9502
9505
9507
9509
9510
9512
9513
9522
9527
9531
9532
9534
9535
9539
9541
9544
9545
9550
9558
9560
9562
9564
9565
9568
9569
9571
9577
9578
9582
9583
9587
9590
9592
9594
9596
9597
9600
9601
9603
9604
9607
9618
9621
9623
9625
9628
9632
9633
9634
9635
9636
9637
9639
9645
9646
9647
9649
9652
9653
9656
9658
9659
9662
9663
9666
9669
9673
9675
9678
9679
9680
9681
9683
9684
9685
9686
9690
9691
9698
9699
9700
9703
9707
9708
9716
9720
9723
9724
9726
9727
9730
9737
9738
9739
9742
9744
9746
9747
9750
9751
9752
9755
9756
9759
9762
9763
9766
9768
9769
9772
9773
9774
9775
9776
9777
9779
9780
9784
9786
9787
9791
9795
9796
9801
9802
9804
9805
9806
9811
9814
9822
9823
9825
9827
9828
9830
9836
9837
9840
9842
9843
9844
9849
9851
9852
9853
9855
9856
9857
9858
9869
9870
9871
9877
9882
9886
9887
9888
9892
9893
9899
9900
9906
9907
9910
9914
9916
9918
9922
9925
9935
9945
9948
9950
9953
9954
9955
9960
9964
9965
9966
9969
9970
9971
9973
9974
9975
9977
9978
9982
9984
9987
9988
9990
9994
9996
9998
