1
3
4
7
9
10
15
17
19
21
24
27
28
31
34
38
40
43
44
47
48
49
50
55
56
60
62
71
72
73
75
76
77
79
80
81
82
83
84
87
94
95
97
102
103
105
106
113
114
117
122
123
124
125
128
130
132
136
137
141
145
147
148
152
153
154
155
156
157
160
163
164
170
172
174
176
183
184
185
187
188
189
193
195
198
200
202
207
208
220
222
226
230
231
233
237
240
244
247
249
250
251
255
257
261
267
270
275
278
281
283
284
285
287
289
291
292
294
296
297
300
301
304
305
321
325
327
328
332
337
339
341
348
352
355
358
362
363
364
365
366
368
370
372
373
377
379
383
388
391
394
395
402
405
408
410
413
416
421
422
425
431
435
439
445
448
449
451
453
454
456
461
463
466
472
474
478
479
480
481
482
483
488
489
490
492
493
496
497
498
499
500
503
510
511
519
521
522
527
529
533
536
541
543
545
546
547
553
555
556
558
559
560
562
563
564
566
567
570
571
577
579
580
581
590
594
599
600
601
609
610
613
614
616
618
620
623
626
627
629
630
632
635
640
641
643
649
650
651
659
662
663
665
666
667
670
673
678
680
681
683
685
686
687
690
697
698
709
710
719
721
732
733
734
736
737
741
743
745
746
747
748
749
750
752
753
756
759
761
764
765
766
768
769
776
777
778
779
780
788
795
798
799
800
801
802
803
804
806
808
809
810
811
813
815
817
818
819
823
824
826
828
829
838
839
840
843
847
848
849
850
854
855
856
857
860
862
863
865
868
871
872
873
874
875
888
890
892
893
894
896
897
898
908
909
913
917
920
922
924
927
928
932
933
937
944
946
947
951
952
953
954
955
963
964
965
966
970
973
975
976
977
981
986
987
989
990
996
997
998
999
1000
1009
1010
1014
1015
1016
1017
1018
1021
1022
1024
1025
1028
1029
1030
1031
1033
1040
1045
1047
1048
1050
1057
1059
1062
1067
1070
1072
1073
1077
1078
1081
1083
1085
1087
1090
1096
1100
1105
1106
1107
1108
1109
1110
1112
1114
1115
1118
1121
1125
1126
1131
1133
1134
1138
1140
1141
1143
1146
1148
1149
1150
1151
1152
1153
1154
1160
1161
1162
1165
1171
1172
1174
1175
1178
1184
1186
1187
1188
1193
1194
1196
1197
1198
1199
1203
1206
1208
1211
1212
1213
1216
1221
1222
1223
1229
1231
1232
1235
1236
1237
1240
1244
1248
1251
1253
1254
1256
1261
1263
1264
1265
1267
1273
1276
1277
1278
1282
1290
1292
1293
1294
1295
1300
1302
1305
1306
1308
1311
1313
1315
1320
1324
1333
1335
1336
1338
1342
1351
1352
1354
1355
1356
1357
1362
1363
1365
1366
1367
1369
1374
1375
1376
1377
1378
1381
1383
1388
1390
1394
1396
1402
1404
1405
1407
1409
1414
1418
1419
1424
1426
1430
1443
1444
1447
1448
1450
1451
1453
1454
1456
1459
1465
1466
1467
1469
1475
1476
1479
1481
1485
1490
1493
1494
1497
1498
1500
1501
1502
1505
1506
1508
1511
1513
1518
1522
1523
1527
1529
1530
1542
1544
1545
1549
1550
1554
1559
1560
1567
1568
1570
1572
1575
1576
1579
1581
1583
1584
1586
1587
1588
1593
1594
1595
1601
1604
1610
1611
1612
1615
1616
1620
1624
1629
1632
1634
1636
1639
1642
1643
1647
1649
1650
1651
1655
1656
1657
1659
1660
1661
1665
1666
1668
1669
1670
1674
1675
1679
1681
1684
1685
1686
1688
1691
1693
1696
1699
1702
1704
1707
1710
1711
1713
1714
1715
1719
1720
1723
1729
1730
1732
1733
1734
1735
1736
1737
1738
1739
1741
1743
1744
1748
1749
1750
1753
1756
1758
1760
1761
1763
1766
1769
1772
1775
1778
1782
1783
1786
1792
1797
1798
1800
1804
1805
1811
1812
1813
1816
1817
1818
1819
1822
1823
1824
1825
1826
1828
1832
1835
1838
1841
1844
1846
1848
1849
1850
1853
1854
1857
1858
1859
1861
1862
1863
1865
1867
1869
1874
1876
1879
1880
1883
1890
1891
1892
1895
1897
1898
1899
1900
1909
1910
1911
1913
1914
1915
1917
1918
1919
1926
1935
1937
1938
1943
1944
1946
1947
1948
1949
1953
1954
1963
1964
1967
1969
1976
1978
1979
1980
1982
1985
1986
1988
1990
1991
1992
1994
1996
2004
2010
2014
2019
2020
2028
2029
2032
2033
2034
2039
2041
2048
2049
2050
2054
2056
2058
2064
2065
2066
2067
2069
2070
2079
2080
2082
2083
2085
2087
2094
2096
2101
2102
2103
2106
2107
2108
2109
2110
2113
2114
2115
2116
2117
2119
2120
2121
2122
2124
2128
2129
2134
2138
2139
2140
2141
2144
2146
2152
2156
2157
2160
2162
2164
2169
2172
2174
2184
2185
2189
2190
2191
2192
2195
2199
2200
2203
2204
2217
2219
2221
2223
2225
2230
2231
2234
2239
2243
2244
2252
2255
2257
2258
2260
2264
2265
2269
2275
2276
2277
2280
2285
2287
2288
2293
2294
2298
2299
2302
2303
2305
2307
2308
2309
2312
2313
2318
2319
2320
2321
2323
2325
2326
2331
2332
2333
2336
2338
2340
2341
2342
2344
2346
2348
2349
2351
2353
2354
2357
2358
2360
2366
2368
2369
2370
2373
2374
2376
2378
2380
2381
2383
2384
2387
2389
2393
2395
2396
2399
2400
2401
2403
2404
2405
2407
2410
2411
2415
2416
2417
2418
2420
2422
2424
2428
2434
2436
2438
2441
2443
2444
2445
2447
2448
2449
2450
2452
2454
2459
2463
2464
2466
2467
2468
2469
2470
2471
2475
2476
2477
2480
2483
2484
2486
2487
2488
2489
2490
2495
2497
2498
2499
2502
2506
2507
2508
2510
2512
2513
2514
2516
2518
2521
2524
2525
2526
2531
2532
2535
2536
2538
2539
2540
2541
2542
2544
2545
2553
2563
2565
2566
2567
2569
2570
2572
2574
2576
2581
2587
2589
2591
2595
2601
2603
2606
2609
2616
2624
2626
2628
2629
2637
2638
2642
2644
2645
2647
2649
2650
2656
2658
2660
2662
2665
2667
2670
2671
2672
2674
2677
2678
2679
2681
2683
2684
2686
2693
2694
2696
2698
2699
2701
2709
2711
2713
2714
2715
2723
2724
2725
2727
2729
2731
2734
2740
2743
2755
2757
2758
2760
2761
2763
2765
2766
2767
2774
2775
2781
2782
2784
2785
2788
2793
2795
2799
2800
2802
2803
2809
2812
2813
2816
2818
2819
2821
2823
2826
2827
2829
2831
2840
2841
2847
2848
2850
2854
2855
2858
2860
2862
2868
2869
2871
2872
2874
2878
2883
2885
2893
2895
2897
2899
2900
2902
2903
2907
2908
2909
2911
2913
2917
2919
2920
2921
2929
2932
2935
2940
2941
2942
2944
2946
2948
2952
2953
2954
2957
2959
2960
2966
2967
2969
2971
2975
2977
2980
2982
2983
2986
2990
2991
2998
2999
3002
3005
3006
3007
3008
3010
3012
3014
3015
3017
3019
3022
3024
3027
3031
3032
3033
3036
3039
3044
3046
3047
3051
3052
3054
3058
3059
3060
3062
3064
3070
3073
3075
3078
3079
3081
3082
3083
3084
3088
3090
3092
3093
3094
3098
3099
3102
3112
3122
3123
3124
3126
3128
3134
3139
3140
3146
3147
3150
3152
3154
3156
3158
3159
3161
3163
3165
3167
3169
3172
3175
3177
3178
3180
3188
3190
3194
3196
3197
3200
3201
3202
3203
3207
3210
3212
3213
3215
3216
3217
3218
3222
3223
3228
3234
3235
3238
3240
3244
3246
3250
3251
3253
3254
3255
3256
3257
3261
3262
3264
3265
3267
3275
3281
3283
3284
3285
3286
3294
3296
3297
3302
3303
3308
3311
3313
3316
3317
3318
3324
3325
