0
1
4
5
8
9
11
14
16
17
22
23
24
26
27
30
33
37
39
40
41
43
44
45
47
50
52
53
56
57
58
59
61
63
68
75
76
78
79
82
85
88
90
92
93
95
96
102
110
111
112
113
114
125
127
129
131
132
133
134
135
138
139
140
144
145
146
149
152
156
162
163
168
172
176
178
179
186
187
191
193
198
204
209
213
215
218
223
225
229
230
231
232
233
246
248
255
260
264
265
267
273
274
276
278
280
283
285
286
288
292
297
307
308
311
313
317
320
322
326
336
338
341
344
345
348
349
351
355
360
362
377
385
387
388
392
393
394
395
396
397
398
402
403
405
407
410
414
419
422
425
428
434
435
437
438
442
443
446
448
451
452
454
455
457
458
462
463
468
473
480
481
486
488
489
490
495
498
499
502
503
505
507
508
512
518
519
524
527
528
529
530
533
535
537
539
541
542
543
544
549
550
552
555
557
558
559
566
572
573
576
577
578
579
580
581
593
594
596
598
599
603
612
613
615
619
622
629
632
633
636
637
641
642
644
645
649
650
651
652
653
656
657
658
659
660
662
663
664
665
667
675
676
677
679
680
681
682
685
686
691
695
697
701
702
707
708
710
711
715
716
721
732
734
735
736
737
744
746
747
748
753
754
756
759
762
763
766
767
770
773
778
779
780
783
784
790
795
796
804
812
813
814
817
821
822
827
829
833
842
843
844
846
851
853
860
861
863
866
868
869
873
876
877
880
881
882
883
884
889
891
893
897
900
902
904
906
909
911
912
916
917
920
921
923
925
926
934
938
944
945
947
948
949
951
953
956
957
958
962
965
968
972
974
975
980
982
984
988
989
992
995
996
997
999
1000
1002
1004
1005
1006
1008
1010
1011
1012
1016
1017
1020
1021
1028
1032
1033
1034
1039
1041
1043
1044
1045
1048
1052
1053
1055
1059
1061
1062
1065
1068
1069
1070
1072
1075
1078
1081
1083
1084
1092
1093
1096
1099
1100
1102
1105
1106
1110
1111
1113
1114
1116
1118
1120
1121
1122
1126
1127
1130
1131
1133
1144
1149
1152
1154
1160
1162
1166
1167
1169
1170
1171
1174
1177
1178
1180
1181
1183
1184
1185
1189
1193
1194
1198
1200
1201
1203
1212
1216
1218
1221
1227
1231
1233
1235
1239
1241
1247
1250
1252
1253
1257
1258
1263
1264
1265
1266
1267
1268
1270
1281
1282
1283
1288
1289
1291
1293
1295
1296
1299
1302
1309
1320
1321
1324
1325
1330
1331
1333
1334
1338
1340
1341
1347
1355
1359
1360
1361
1362
1363
1364
1365
1367
1369
1370
1371
1373
1376
1377
1382
1384
1385
1389
1398
1399
1401
1402
1405
1408
1411
1413
1415
1419
1427
1428
1430
1435
1439
1441
1442
1445
1447
1449
1450
1451
1452
1453
1455
1456
1457
1458
1460
1464
1466
1467
1468
1474
1475
1476
1478
1479
1480
1481
1482
1483
1484
1486
1487
1489
1490
1491
1494
1496
1500
1503
1504
1505
1511
1514
1523
1526
1529
1534
1537
1538
1541
1543
1546
1547
1548
1549
1550
1554
1555
1559
1560
1562
1569
1572
1575
1579
1580
1584
1585
1586
1591
1596
1597
1599
1602
1603
1604
1606
1607
1609
1610
1611
1613
1614
1615
1617
1619
1620
1621
1622
1623
1631
1635
1640
1645
1646
1649
1651
1652
1654
1659
1664
1665
1666
1671
1672
1673
1678
1683
1687
1688
1693
1700
1701
1704
1705
1707
1713
1714
1715
1717
1718
1719
1720
1724
1725
1731
1735
1736
1737
1740
1742
1747
1751
1752
1755
1763
1766
1774
1777
1783
1784
1785
1788
1790
1792
1793
1796
1801
1805
1806
1807
1812
1813
1815
1817
1820
1821
1822
1824
1825
1826
1827
1828
1833
1836
1838
1841
1842
1844
1847
1848
1851
1852
1853
1858
1863
1866
1870
1871
1872
1873
1876
1878
1879
1880
1885
1886
1887
1889
1890
1892
1900
1901
1902
1906
1911
1913
1920
1921
1925
1928
1931
1935
1939
1941
1945
1946
1947
1948
1949
1952
1958
1959
1962
1963
1965
1970
1971
1974
1976
1977
1980
1981
1982
1983
1985
1986
1987
1988
1991
1993
1994
1995
1997
2000
2002
2003
2004
2006
2007
2009
2011
2012
2014
2016
2017
2018
2024
2025
2027
2032
2034
2035
2036
2037
2038
2039
2041
2042
2043
2046
2049
2062
2063
2064
2065
2066
2068
2071
2073
2074
2076
2083
2085
2088
2089
2091
2092
2098
2101
2104
2112
2116
2117
2119
2123
2124
2125
2127
2135
2136
2144
2145
2148
2149
2154
2157
2158
2160
2161
2166
2167
2168
2175
2177
2182
2183
2184
2185
2190
2192
2193
2199
2200
2201
2205
2206
2207
2210
2217
2219
2220
2221
2224
2225
2226
2228
2230
2236
2238
2240
2241
2243
2246
2247
2251
2252
2259
2260
2263
2266
2273
2275
2276
2277
2279
2281
2283
2284
2285
2286
2287
2290
2291
2293
2294
2297
2302
2304
2306
2308
2310
2312
2313
2315
2317
2319
2320
2321
2326
2328
2329
2330
2336
2337
2340
2341
2342
2344
2348
2349
2350
2351
2357
2358
2360
2362
2366
2368
2369
2370
2373
2379
2380
2382
2388
2390
2392
2393
2394
2397
2398
2405
2408
2410
2412
2414
2416
2420
2422
2426
2427
2428
2431
2434
2441
2447
2449
2451
2455
2456
2459
2460
2461
2462
2470
2475
2477
2478
2479
2482
2487
2489
2491
2498
2500
2504
2511
2515
2516
2519
2520
2521
2523
2529
2530
2533
2535
2537
2538
2540
2551
2554
2556
2558
2559
2560
2562
2565
2567
2569
2574
2575
2576
2577
2578
2583
2589
2590
2591
2592
2596
2602
2603
2607
2608
2611
2612
2613
2614
2615
2616
2625
2627
2629
2630
2632
2634
2640
2642
2645
2646
2647
2648
2649
2650
2651
2655
2660
2664
2666
2669
2671
2673
2674
2677
2680
2681
2683
2686
2687
2690
2692
2694
2696
2698
2702
2703
2707
2711
2712
2714
2716
2718
2720
2721
2724
2727
2734
2739
2743
2744
2748
2749
2750
2751
2758
2759
2763
2764
2766
2767
2769
2772
2776
2778
2779
2782
2783
2785
2791
2799
2800
2803
2806
2809
2813
2814
2815
2824
2827
2828
2834
2836
2837
2838
2841
2842
2843
2845
2847
2859
2860
2862
2863
2865
2866
2867
2868
2870
2873
2877
2879
2882
2887
2891
2895
2896
2900
2909
2912
2914
2918
2920
2927
2929
2930
2931
2932
2933
2937
2940
2941
2944
2946
2947
2948
2949
2950
2953
2954
2955
2956
2958
2960
2963
2964
2972
2974
2984
2986
2987
2988
2990
2992
2994
3004
3006
3007
3008
3011
3014
3023
3025
3027
3028
3029
3030
3031
3032
3040
3043
3044
3045
3048
3050
3051
3053
3054
3062
3064
3065
3066
3067
3069
3071
3074
3080
3083
3088
3093
3094
3096
3097
3098
3101
3102
3107
3109
3112
3116
3119
3123
3127
3128
3130
3131
3132
3133
3135
3140
3144
3148
3149
3150
3152
3154
3156
3159
3161
3162
3166
3171
3174
3175
3177
3179
3180
3181
3183
3186
3192
3195
3200
3201
3202
3205
3207
3210
3214
3217
3220
3222
3223
3227
3230
3231
3232
3233
3234
3235
3239
3240
3241
3242
3245
3246
3247
3249
3251
3253
3257
3258
3263
3266
3268
3271
3272
3274
3275
3281
3283
3286
3288
3289
3290
3295
3296
3297
3298
3302
3305
3310
3314
3315
3316
3318
3319
3320
3322
3324
3328
3333
3337
3343
3344
3347
3351
3356
3360
3361
3362
3365
3366
3367
3371
3379
3381
3382
3386
3394
3395
3397
3400
3401
3405
3407
3408
3410
3411
3414
3416
3423
3425
3430
3437
3439
3443
3447
3448
3450
3452
3455
3459
3460
3462
3463
3466
3467
3468
3469
3470
3475
3476
3479
3481
3484
3485
3487
3489
3493
3494
3497
3500
3501
3507
3509
3511
3514
3516
3521
3526
3530
3531
3534
3535
3536
3540
3541
3542
3543
3544
3545
3546
3547
3549
3554
3556
3558
3560
3563
3565
3566
3570
3573
3576
3577
3578
3585
3588
3590
3592
3596
3601
3602
3604
3605
3609
3613
3614
3616
3617
3618
3619
3620
3623
3627
3630
3631
3635
3640
3641
3642
3644
3645
3647
3652
3654
3655
3656
3657
3658
3659
3665
3666
3670
3675
3676
3681
3684
3685
3689
3694
3696
3700
3705
3708
3709
3712
3714
3720
3722
3723
3725
3726
3727
3736
3740
3743
3744
3745
3747
3748
3749
3751
3754
3760
3761
3762
3764
3769
3771
3772
3774
3775
3776
3781
3782
3783
3786
3787
3789
3791
3796
3802
3806
3807
3808
3813
3814
3816
3818
3820
3823
3824
3826
3827
3828
3829
3830
3835
3837
3838
3839
3840
3841
3842
3843
3845
3846
3848
3850
3851
3852
3853
3855
3859
3861
3862
3867
3868
3870
3873
3874
3876
3877
3882
3885
3886
3887
3889
3893
3894
3900
3904
3905
3907
3908
3909
3912
3913
3914
3923
3924
3927
3930
3932
3933
3935
3939
3940
3943
3945
3957
3958
3961
3964
3965
3968
3969
3970
3973
3975
3978
3979
3980
3982
3984
3987
3994
3997
3998
4000
4003
4005
4007
4008
4010
4013
4019
4020
4022
4023
4028
4029
4031
4034
4037
4038
4039
4046
4047
4048
4050
4051
4053
4054
4055
4058
4062
4063
4067
4070
4073
4076
4077
4081
4082
4083
4084
4085
4086
4087
4088
4089
4091
4093
4094
4098
4099
4100
4101
4102
4103
4107
4108
4111
4113
4114
4117
4118
4121
4124
4126
4130
4131
4132
4135
4137
4138
4142
4143
4146
4147
4150
4156
4157
4158
4159
4161
4162
4163
4166
4167
4169
4170
4176
4178
4180
4181
4183
4188
4189
4190
4192
4194
4195
4197
4198
4199
4204
4205
4207
4208
4213
4214
4215
4219
4221
4231
4232
4242
4245
4249
4250
4252
4253
4254
4263
4266
4269
4270
4272
4273
4277
4278
4279
4280
4286
4287
4292
4294
4296
4297
4301
4302
4306
4307
4308
4309
4313
4320
4322
4327
4330
4332
4334
4335
4336
4338
4339
4343
4344
4347
4350
4351
4353
4354
4361
4362
4363
4365
4367
4369
4371
4373
4376
4377
4378
4379
4381
4382
4384
4387
4390
4396
4398
4401
4404
4406
4409
4412
4413
4415
4416
4419
4420
4424
4426
4431
4432
4434
4436
4437
4439
4443
4445
4449
4450
4452
4454
4458
4461
4464
4468
4469
4475
4478
4480
4484
4487
4488
4491
4492
4494
4498
4503
4509
4511
4512
4513
4514
4519
4521
4523
4527
4528
4533
4534
4536
4547
4549
4552
4554
4556
4559
4560
4562
4565
4567
4568
4570
4572
4578
4582
4585
4586
4587
4592
4594
4595
4596
4598
4599
4600
4604
4605
4610
4612
4613
4614
4615
4618
4619
4623
4625
4629
4635
4637
4640
4641
4648
4650
4653
4654
4662
4667
4669
4671
4674
4676
4679
4681
4684
4687
4688
4689
4690
4693
4694
4696
4697
4701
4704
4705
4708
4709
4710
4713
4716
4720
4722
4728
4730
4731
4733
4736
4737
4741
4743
4747
4748
4749
4756
4757
4759
4766
4767
4769
4773
4775
4783
4785
4786
4788
4789
4792
4794
4801
4803
4805
4810
4814
4820
4822
4823
4826
4830
4832
4833
4834
4836
4837
4839
4841
4842
4843
4849
4856
4858
4859
4861
4863
4864
4865
4866
4867
4870
4872
4877
4884
4886
4888
4890
4891
4898
4900
4912
4914
4915
4916
4917
4918
4919
4924
4925
4930
4932
4933
4934
4935
4938
4940
4944
4947
4949
4952
4958
4960
4961
4966
4967
4968
4970
4975
4981
4983
4984
4985
4987
4989
4990
4991
4995
4997
5003
5005
5008
5014
5015
5016
5018
5019
5020
5024
5029
5031
5036
5038
5042
5044
5045
5047
5051
5055
5057
5059
5062
5063
5066
5068
5072
5073
5076
5078
5080
5081
5082
5086
5087
5092
5096
5097
5099
5100
5101
5104
5105
5107
5113
5115
5118
5119
5123
5127
5129
5130
5135
5136
5137
5138
5143
5144
5145
5147
5152
5155
5156
5157
5158
5159
5160
5162
5167
5170
5172
5174
5175
5178
5180
5186
5189
5193
5195
5197
5198
5201
5203
5204
5208
5210
5211
5212
5217
5220
5224
5225
5229
5236
5237
5239
5240
5241
5243
5244
5245
5246
5247
5248
5251
5252
5255
5256
5258
5261
5263
5265
5270
5272
5275
5281
5282
5283
5284
5286
5288
5291
5294
5297
5298
5303
5304
5308
5310
5312
5313
5321
5322
5325
5326
5333
5334
5335
5337
5339
5341
5349
5350
5351
5353
5354
5355
5358
5359
5366
5367
5368
5369
5374
5379
5380
5381
5384
5386
5387
5388
5389
5392
5394
5398
5400
5401
5402
5405
5408
5410
5411
5416
5419
5420
5424
5425
5429
5431
5433
5434
5439
5440
5441
5444
5445
5450
5452
5453
5457
5459
5460
5462
5463
5464
5466
5468
5470
5471
5472
5473
5475
5476
5480
5484
5486
5488
5489
5491
5495
5497
5502
5511
5513
5515
5516
5519
5521
5525
5529
5531
5532
5537
5539
5540
5547
5550
5554
5559
5560
5561
5564
5566
5567
5570
5574
5575
5577
5578
5580
5581
5582
5584
5585
5586
5588
5589
5592
5594
5599
5600
5602
5605
5606
5607
5608
5609
5610
5611
5613
5614
5618
5623
5643
5646
5647
5649
5653
5656
5657
5659
5667
5668
5669
5671
5672
5674
5675
5676
5679
5686
5690
5693
5694
5699
5700
5701
5704
5707
5710
5712
5717
5720
5724
5726
5727
5730
5732
5733
5735
5736
5738
5739
5740
5741
5743
5747
5748
5750
5751
5752
5754
5757
5758
5759
5762
5763
5766
5770
5772
5774
5776
5777
5778
5779
5780
5784
5786
5789
5795
5796
5797
5799
5801
5804
5807
5809
5810
5815
5816
5824
5826
5829
5831
5835
5838
5839
5843
5844
5849
5850
5851
5852
5855
5857
5860
5861
5869
5870
5872
5877
5880
5882
5884
5887
5888
5889
5890
5893
5894
5895
5899
5900
5908
5910
5912
5913
5914
5915
5918
5919
5922
5923
5924
5925
5931
5938
5940
5941
5944
5945
5947
5949
5950
5954
5955
5956
5957
5958
5960
5961
5962
5963
5966
5967
5969
5970
5974
5975
5978
5980
5982
5987
5988
5989
5992
5994
5995
5997
5999
6000
6001
6003
6006
6007
6009
6010
6012
6014
6016
6019
6022
6026
6028
6037
6039
6040
6044
6046
6052
6053
6059
6061
6065
6066
6069
6070
6071
6073
6076
6077
6080
6082
6083
6089
6090
6091
6098
6104
6105
6110
6113
6114
6115
6117
6119
6125
6128
6129
6130
6132
6133
6145
6146
6153
6154
6156
6157
6161
6164
6165
6166
6170
6171
6173
6174
6175
6176
6177
6179
6184
6187
6188
6191
6192
6197
6198
6200
6201
6202
6204
6205
6206
6207
6216
6223
6224
6230
6235
6236
6237
6240
6241
6243
6245
6246
6249
6259
6262
6263
6267
6271
6276
6280
6281
6282
6283
6284
6285
6286
6290
6293
6300
6302
6303
6304
6310
6311
6313
6315
6321
6325
6330
6335
6336
6337
6340
6341
6345
6346
6349
6350
6362
6363
6367
6369
6372
6373
6383
6385
6390
6391
6396
6397
6398
6401
6402
6406
6407
6409
6411
6413
6417
6418
6421
6424
6425
6426
6428
6430
6431
6433
6434
6435
6438
6439
6441
6442
6444
6447
6448
6449
6450
6451
6453
6457
6458
6459
6467
6468
6473
6474
6476
6479
6482
6483
6484
6488
6491
6496
6501
6506
6509
6512
6513
6518
6519
6520
6525
6527
6533
6534
6535
6536
6539
6541
6543
6544
6546
6547
6551
6554
6556
6558
6561
6563
6564
6565
6568
6571
6575
6580
6581
6582
6583
6585
6586
6595
6596
6597
6598
6599
6601
6604
6605
6606
6608
6609
6610
6615
6619
6622
6626
6632
6633
6635
6636
6640
6646
6648
6650
6658
6659
6666
6667
6673
6674
6677
6678
6685
6691
6692
6693
6697
6698
6704
6707
6708
6709
6711
6712
6714
6717
6719
6720
6721
6723
6727
6728
6729
6731
6736
6741
6742
6744
6745
6746
6752
6755
6757
6758
6759
6764
6767
6768
6769
6771
6772
6773
6778
6784
6786
6787
6789
6790
6791
6792
6793
6802
6803
6807
6809
6812
6816
6819
6820
6821
6823
6824
6828
6829
6833
6836
6839
6840
6841
6843
6844
6845
6849
6851
6852
6856
6857
6859
6864
6867
6868
6869
6878
6892
6902
6904
6905
6907
6909
6912
6914
6915
6918
6919
6920
6923
6928
6932
6933
6935
6938
6947
6949
6952
6953
6956
6957
6960
6963
6964
6966
6967
6969
6972
6973
6974
6975
6979
6981
6984
6985
6986
6987
6988
6990
6992
6995
6997
6999
7000
7004
7006
7007
7008
7009
7012
7013
7014
7015
7017
7019
7020
7023
7024
7025
7027
7028
7039
7042
7044
7047
7050
7051
7060
7063
7065
7066
7068
7069
7071
7073
7076
7078
7079
7081
7086
7094
7098
7100
7101
7102
7103
7106
7111
7112
7113
7114
7115
7116
7118
7124
7126
7127
7128
7129
7130
7131
7132
7134
7135
7138
7141
7143
7151
7163
7165
7167
7168
7170
7172
7175
7177
7178
7180
7181
7187
7188
7189
7192
7195
7196
7199
7202
7203
7206
7207
7211
7212
7214
7215
7218
7220
7223
7225
7227
7228
7234
7236
7237
7238
7241
7243
7246
7249
7251
7253
7254
7256
7259
7260
7262
7263
7265
7266
7269
7270
7271
7275
7276
7277
7285
7292
7293
7295
7297
7298
7299
7300
7301
7303
7305
7306
7317
7318
7321
7324
7328
7329
7330
7336
7342
7343
7344
7347
7348
7350
7351
7353
7354
7356
7359
7360
7361
7362
7363
7367
7369
7376
7380
7381
7382
7383
7384
7388
7389
7391
7394
7396
7397
7399
7400
7402
7403
7408
7409
7412
7414
7420
7422
7424
7425
7426
7427
7434
7436
7437
7440
7444
7456
7457
7459
7460
7463
7465
7469
7471
7473
7475
7477
7478
7479
7484
7485
7486
7489
7491
7494
7495
7496
7508
7511
7512
7514
7518
7521
7523
7526
7529
7532
7536
7538
7540
7544
7552
7553
7554
7558
7560
7564
7570
7572
7575
7578
7580
7582
7585
7586
7587
7588
7590
7592
7595
7596
7598
7599
7602
7607
7608
7610
7620
7624
7629
7630
7631
7635
7639
7640
7646
7651
7654
7657
7662
7667
7668
7670
7672
7673
7674
7676
7678
7681
7682
7683
7684
7685
7690
7692
7694
7695
7696
7698
7699
7702
7703
7712
7716
7717
7718
7720
7722
7724
7725
7726
7729
7735
7738
7743
7744
7749
7750
7751
7756
7757
7759
7760
7762
7763
7765
7771
7773
7776
7777
7779
7781
7789
7790
7795
7796
7798
7799
7800
7803
7806
7807
7808
7811
7812
7815
7816
7817
7818
7821
7822
7825
7826
7829
7830
7831
7833
7837
7840
7842
7844
7845
7846
7848
7850
7851
7855
7858
7860
7861
7864
7865
7866
7867
7870
7871
7872
7873
7874
7875
7879
7881
7883
7884
7886
7889
7891
7893
7896
7897
7898
7899
7903
7904
7907
7908
7909
7913
7917
7918
7922
7926
7928
7929
7931
7932
7934
7935
7939
7940
7942
7945
7950
7951
7952
7953
7955
7958
7959
7960
7962
7964
7965
7966
7969
7970
7973
7977
7978
7981
7982
7986
7988
7992
7995
7997
8000
8003
8007
8009
8012
8015
8017
8018
8019
8023
8025
8032
8035
8036
8040
8043
8044
8045
8050
8051
8052
8053
8054
8055
8057
8058
8059
8060
8065
8066
8071
8072
8074
8081
8083
8092
8095
8096
8099
8102
8103
8106
8109
8115
8117
8119
8120
8121
8123
8125
8126
8127
8128
8129
8132
8133
8134
8135
8138
8139
8141
8142
8148
8151
8153
8158
8160
8161
8169
8173
8175
8178
8179
8181
8182
8186
8187
8188
8190
8194
8196
8198
8199
8200
8202
8203
8207
8208
8210
8215
8216
8218
8223
8228
8229
8240
8244
8246
8247
8250
8252
8255
8258
8261
8262
8263
8264
8274
8277
8282
8283
8285
8289
8290
8293
8294
8298
8299
8304
8306
8307
8308
8309
8311
8312
8314
8315
8316
8319
8320
8322
8323
8328
8330
8332
8333
8335
8339
8340
8341
8342
8346
8347
8352
8357
8358
8361
8362
8363
8366
8369
8371
8372
8380
8386
8387
8390
8394
8395
8396
8398
8399
8403
8407
8409
8411
8412
8419
8422
8423
8424
8425
8429
8432
8436
8443
8445
8446
8447
8451
8453
8460
8462
8466
8469
8470
8471
8475
8478
8479
8482
8484
8485
8486
8489
8491
8493
8495
8496
8498
8500
8502
8503
8505
8507
8508
8511
8512
8515
8517
8519
8524
8526
8528
8529
8530
8531
8532
8536
8543
8544
8548
8551
8553
8554
8558
8559
8561
8563
8564
8565
8569
8571
8572
8574
8577
8580
8583
8592
8594
8595
8597
8601
8602
8607
8608
8614
8615
8616
8617
8618
8621
8622
8623
8627
8629
8630
8631
8632
8634
8636
8637
8639
8645
8648
8649
8652
8654
8657
8659
8661
8665
8670
8672
8674
8675
8679
8682
8683
8685
8688
8691
8698
8699
8704
8707
8711
8713
8717
8720
8721
8722
8724
8725
8726
8733
8735
8737
8738
8739
8744
8746
8749
8750
8751
8752
8753
8759
8760
8762
8763
8764
8765
8769
8770
8771
8776
8777
8779
8783
8784
8787
8788
8792
8794
8796
8798
8800
8802
8805
8806
8810
8811
8812
8814
8816
8817
8818
8819
8820
8821
8822
8823
8824
8827
8835
8838
8839
8842
8844
8845
8850
8852
8853
8854
8857
8858
8859
8867
8870
8872
8873
8874
8879
8880
8881
8882
8886
8888
8889
8892
8893
8894
8895
8898
8904
8906
8913
8914
8916
8917
8918
8920
8923
8926
8928
8930
8932
8933
8935
8938
8941
8944
8945
8947
8950
8952
8957
8959
8960
8961
8963
8968
8969
8972
8978
8979
8982
8988
8989
8991
8992
8997
8999
9001
9002
9005
9006
9009
9010
9013
9019
9026
9027
9028
9029
9031
9036
9038
9039
9045
9049
9050
9054
9057
9059
9062
9063
9065
9066
9069
9070
9074
9079
9080
9081
9083
9087
9089
9090
9092
9093
9094
9100
9107
9111
9113
9115
9117
9119
9123
9125
9126
9132
9133
9136
9138
9142
9143
9144
9145
9147
9148
9151
9153
9156
9159
9160
9161
9170
9174
9175
9177
9178
9185
9191
9193
9194
9196
9200
9201
9203
9205
9206
9207
9213
9215
9218
9219
9220
9225
9227
9229
9230
9231
9232
9234
9235
9236
9237
9240
9244
9248
9251
9254
9256
9259
9269
9272
9273
9275
9276
9277
9281
9282
9283
9285
9288
9289
9292
9298
9299
9304
9305
9315
9318
9320
9321
9322
9323
9324
9326
9328
9332
9336
9338
9344
9345
9349
9353
9354
9355
9356
9359
9360
9361
9367
9368
9369
9370
9371
9376
9377
9379
9380
9382
9383
9386
9389
9390
9392
9396
9397
9401
9402
9404
9405
9406
9408
9410
9414
9418
9419
9422
9424
9426
9430
9432
9437
9439
9450
9451
9453
9462
9467
9469
9470
9471
9472
9473
9476
9483
9484
9485
9486
9487
9488
9491
9492
9499
9501
9502
9504
9505
9506
9509
9510
9511
9513
9515
9516
9517
9518
9519
9522
9523
9526
9527
9530
9535
9537
9539
9543
9544
9545
9546
9547
9550
9551
9553
9554
9556
9559
9560
9561
9573
9574
9575
9577
9579
9580
9585
9586
9591
9593
9595
9596
9601
9604
9605
9608
9609
9610
9613
9615
9618
9621
9623
9624
9632
9644
9647
9649
9650
9652
9654
9655
9656
9659
9660
9664
9665
9666
9667
9669
9671
9672
9674
9684
9685
9686
9691
9692
9695
9696
9698
9700
9702
9709
9712
9713
9714
9717
9720
9723
9725
9726
9727
9729
9733
9734
9736
9739
9742
9744
9746
9750
9752
9756
9762
9763
9765
9766
9768
9769
9771
9772
9773
9778
9781
9782
9784
9785
9786
9789
9791
9792
9793
9799
9801
9802
9805
9806
9807
9808
9817
9818
9819
9822
9824
9825
9829
9830
9831
9832
9835
9838
9839
9840
9841
9843
9846
9847
9851
9853
9860
9867
9869
9870
9872
9874
9876
9877
9879
9880
9881
9887
9888
9889
9892
9894
9895
9897
9900
9905
9910
9911
9913
9914
9917
9919
9920
9924
9926
9927
9930
9936
9937
9938
9943
9951
9953
9954
9956
9957
9961
9964
9965
9967
9969
9970
9971
9973
9974
9975
9978
9980
9983
9985
9986
9987
9990
9993
9995
9999
