1
2
17
19
26
27
29
31
35
38
39
41
42
44
48
57
61
62
63
67
68
72
75
78
79
80
83
84
86
87
90
93
94
95
103
104
105
107
109
110
112
117
118
122
123
127
130
134
137
138
139
143
144
150
153
154
156
159
160
161
163
165
171
181
183
184
185
190
195
200
202
205
206
207
209
212
217
218
221
225
227
228
232
237
238
239
242
245
248
249
254
255
256
261
262
263
264
268
273
274
276
277
278
280
281
282
286
288
289
290
294
298
299
301
304
305
307
313
314
316
317
318
323
325
330
337
338
339
340
346
347
351
352
355
356
357
359
361
362
363
368
369
372
373
375
380
381
382
383
389
392
395
398
400
401
406
407
408
409
410
412
413
415
416
421
427
430
432
434
438
439
440
441
445
446
447
450
452
454
458
459
461
464
469
474
475
478
481
483
486
487
488
489
493
495
496
498
500
505
506
511
512
517
523
526
527
528
529
531
532
533
535
538
555
558
560
564
566
569
571
573
577
581
582
583
586
587
588
591
593
596
597
598
602
603
605
608
609
610
612
617
618
619
620
621
624
628
629
631
632
634
636
637
639
641
642
643
645
648
649
654
656
657
662
664
667
668
673
675
677
679
680
681
682
683
684
685
686
689
691
693
694
695
696
698
702
706
708
709
710
711
718
722
727
729
730
735
738
739
741
746
748
749
751
754
755
756
768
770
771
776
777
778
780
782
783
787
789
792
798
800
805
808
811
812
815
819
822
823
827
831
832
834
839
844
846
858
859
861
865
870
871
874
878
884
886
888
893
898
900
901
902
905
907
908
910
912
915
919
920
921
922
924
925
927
929
930
935
938
943
944
955
957
959
960
961
962
964
966
975
980
991
994
997
998
1004
1006
1008
1009
1010
1012
1014
1016
1018
1019
1020
1021
1027
1029
1030
1031
1032
1046
1047
1049
1051
1053
1055
1057
1060
1063
1064
1069
1073
1074
1077
1078
1085
1093
1095
1097
1099
1102
1107
1109
1112
1113
1115
1118
1121
1126
1127
1128
1132
1133
1136
1137
1142
1143
1150
1155
1156
1159
1160
1162
1163
1164
1165
1167
1169
1170
1171
1172
1173
1175
1177
1181
1182
1186
1188
1189
1191
1193
1194
1196
1197
1199
1202
1207
1213
1215
1218
1219
1220
1221
1222
1224
1226
1235
1237
1240
1242
1243
1248
1251
1256
1257
1258
1259
1272
1274
1279
1281
1286
1287
1288
1289
1293
1297
1301
1303
1304
1305
1308
1309
1311
1313
1314
1315
1317
1318
1320
1323
1325
1328
1329
1330
1332
1335
1338
1341
1343
1344
1353
1357
1363
1367
1369
1372
1374
1376
1377
1378
1379
1380
1389
1391
1394
1402
1403
1405
1408
1409
1413
1421
1423
1428
1429
1434
1437
1439
1440
1442
1443
1445
1452
1456
1463
1465
1466
1468
1469
1471
1472
1474
1478
1479
1480
1485
1488
1495
1496
1497
1498
1504
1509
1510
1513
1514
1518
1520
1521
1524
1525
1526
1530
1533
1535
1536
1538
1539
1542
1545
1546
1547
1552
1562
1565
1566
1568
1569
1572
1574
1575
1577
1578
1579
1580
1582
1584
1589
1590
1592
1594
1597
1599
1600
1603
1608
1611
1614
1617
1618
1621
1624
1628
1632
1633
1636
1637
1638
1639
1643
1646
1648
1649
1650
1652
1655
1656
1661
1663
1671
1677
1678
1679
1680
1681
1682
1684
1685
1686
1687
1688
1689
1690
1696
1702
1705
1707
1709
1711
1712
1714
1717
1720
1722
1723
1727
1728
1730
1736
1739
1744
1745
1750
1753
1755
1756
1758
1759
1760
1762
1764
1767
1768
1769
1770
1774
1777
1783
1784
1785
1791
1796
1797
1801
1802
1803
1806
1808
1811
1814
1816
1818
1819
1820
1822
1823
1824
1825
1827
1829
1830
1831
1832
1834
1835
1836
1837
1838
1841
1842
1843
1844
1846
1849
1853
1857
1861
1867
1869
1872
1874
1875
1881
1882
1883
1884
1886
1888
1890
1891
1895
1898
1899
1900
1902
1903
1904
1906
1907
1908
1910
1911
1913
1916
1917
1918
1919
1920
1921
1922
1924
1925
1926
1928
1932
1935
1936
1938
1940
1942
1945
1948
1954
1959
1960
1962
1963
1965
1970
1973
1975
1977
1978
1987
1990
1994
1996
1998
2002
2005
2007
2009
2012
2014
2015
2016
2017
2018
2019
2027
2029
2032
2037
2038
2043
2045
2053
2058
2059
2060
2061
2062
2063
2065
2066
2067
2071
2072
2073
2076
2078
2079
2089
2090
2093
2095
2098
2103
2104
2107
2111
2112
2113
2114
2118
2121
2131
2133
2135
2139
2142
2145
2146
2148
2150
2156
2157
2161
2162
2163
2175
2177
2180
2181
2183
2184
2186
2190
2197
2198
2201
2205
2209
2212
2213
2215
2218
2219
2221
2226
2230
2232
2237
2238
2245
2246
2250
2252
2256
2260
2262
2270
2271
2272
2273
2274
2280
2281
2283
2284
2285
2288
2290
2291
2292
2294
2301
2307
2310
2314
2320
2323
2325
2326
2327
2328
2329
2333
2336
2345
2349
2351
2352
2355
2356
2363
2364
2365
2366
2373
2374
2376
2379
2380
2382
2383
2389
2390
2391
2392
2394
2395
2396
2398
2399
2400
2401
2402
2404
2405
2406
2407
2409
2410
2411
2413
2415
2420
2421
2424
2427
2430
2431
2434
2435
2436
2439
2448
2449
2454
2457
2461
2463
2466
2468
2469
2472
2473
2474
2476
2482
2486
2488
2489
2491
2492
2495
2498
2499
2505
2508
2511
2512
2513
2515
2517
2518
2522
2525
2527
2529
2531
2535
2540
2542
2544
2545
2546
2547
2549
2551
2555
2557
2560
2561
2566
2567
2569
2570
2571
2572
2573
2574
2576
2579
2581
2588
2594
2596
2599
2602
2603
2604
2613
2617
2618
2621
2622
2623
2624
2626
2627
2630
2633
2634
2635
2641
2642
2647
2651
2652
2654
2655
2657
2658
2660
2661
2663
2668
2670
2676
2677
2681
2683
2690
2695
2699
2702
2703
2708
2713
2714
2720
2722
2724
2727
2728
2730
2731
2734
2735
2736
2737
2738
2739
2743
2746
2747
2756
2760
2761
2762
2764
2765
2767
2768
2771
2772
2773
2774
2775
2778
2779
2781
2782
2789
2792
2795
2801
2802
2805
2809
2812
2813
2814
2817
2818
2820
2821
2822
2825
2829
2832
2833
2843
2844
2846
2850
2851
2852
2853
2854
2855
2856
2858
2863
2867
2869
2871
2872
2875
2878
2881
2882
2883
2884
2885
2887
2893
2896
2899
2906
2907
2910
2915
2917
2918
2919
2921
2922
2929
2933
2934
2937
2938
2939
2945
2946
2948
2949
2953
2957
2962
2964
2968
2970
2971
2973
2976
2980
2981
2991
2992
2993
2997
3000
3002
3004
3007
3009
3013
3014
3016
3017
3019
3023
3025
3026
3028
3029
3034
3037
3038
3040
3041
3047
3048
3050
3052
3055
3057
3059
3061
3064
3065
3066
3068
3070
3074
3075
3076
3077
3079
3081
3085
3086
3088
3089
3091
3096
3097
3098
3101
3102
3104
3105
3106
3108
3111
3112
3113
3114
3122
3125
3126
3127
3128
3129
3130
3131
3134
3143
3146
3147
3152
3156
3157
3160
3162
3164
3166
3167
3175
3176
3177
3179
3182
3184
3190
3192
3195
3200
3204
3205
3208
3214
3215
3216
3221
3226
3227
3228
3236
3238
3239
3247
3249
3257
3258
3261
3262
3267
3269
3270
3272
3275
3276
3277
3281
3285
3291
3293
3297
3301
3306
3309
3318
3320
3321
3322
3323
3324
3330
3332
3333
3340
3341
3348
3349
3353
3354
3360
3362
3363
3376
3377
3378
3380
3383
3384
3385
3387
3388
3389
3392
3398
3400
3401
3404
3405
3407
3412
3413
3416
3418
3419
3420
3421
3425
3426
3428
3430
3431
3433
3435
3436
3439
3440
3442
3446
3447
3448
3449
3457
3458
3467
3469
3470
3473
3476
3479
3480
3481
3483
3484
3485
3486
3487
3488
3491
3492
3493
3494
3495
3501
3504
3510
3511
3513
3517
3518
3520
3521
3525
3526
3531
3532
3533
3534
3535
3540
3541
3544
3546
3548
3555
3556
3557
3558
3564
3567
3569
3571
3574
3577
3580
3584
3585
3594
3597
3598
3602
3606
3609
3611
3612
3613
3614
3618
3620
3625
3629
3630
3631
3632
3633
3637
3638
3643
3650
3652
3655
3658
3659
3661
3662
3663
3664
3669
3671
3674
3680
3682
3695
3698
3704
3706
3708
3709
3712
3714
3718
3719
3720
3722
3724
3726
3729
3731
3734
3735
3736
3739
3743
3744
3750
3751
3755
3761
3766
3767
3768
3772
3773
3774
3779
3782
3783
3786
3788
3789
3790
3791
3793
3795
3796
3797
3807
3815
3817
3821
3822
3826
3827
3833
3835
3836
3837
3838
3839
3840
3841
3843
3844
3845
3848
3849
3853
3855
3857
3862
3866
3868
3869
3873
3877
3879
3882
3887
3888
3890
3892
3893
3895
3896
3899
3900
3903
3908
3909
3912
3914
3916
3918
3920
3922
3924
3927
3935
3937
3938
3939
3941
3944
3945
3947
3948
3949
3950
3954
3956
3960
3961
3962
3964
3965
3966
3971
3973
3975
3977
3982
3983
3984
3987
3990
3993
3994
3995
3997
4001
4002
4010
4013
4015
4020
4021
4022
4023
4025
4029
4031
4035
4038
4040
4043
4049
4050
4051
4054
4056
4060
4061
4062
4066
4068
4069
4070
4075
4076
4079
4080
4083
4086
4090
4092
4099
4102
4106
4111
4117
4119
4123
4125
4131
4132
4133
4134
4136
4137
4139
4140
4141
4142
4145
4157
4160
4162
4163
4164
4166
4168
4170
4172
4174
4176
4179
4182
4183
4184
4185
4187
4190
4194
4195
4197
4199
4200
4201
4202
4203
4204
4206
4210
4213
4214
4219
4223
4226
4231
4232
4233
4234
4235
4237
4239
4240
4247
4248
4253
4255
4258
4259
4262
4263
4264
4266
4267
4268
4273
4277
4279
4280
4283
4286
4288
4289
4294
4297
4300
4304
4310
4311
4312
4314
4317
4320
4323
4325
4328
4331
4334
4336
4338
4339
4340
4341
4344
4349
4351
4357
4359
4362
4363
4368
4369
4370
4373
4376
4380
4388
4389
4390
4391
4392
4393
4396
4399
4401
4405
4406
4409
4410
4411
4412
4414
4415
4417
4419
4425
4429
4432
4433
4435
4436
4437
4438
4440
4447
4448
4449
4450
4452
4454
4455
4456
4457
4458
4460
4461
4462
4463
4465
4468
4470
4473
4474
4475
4476
4480
4488
4489
4490
4491
4493
4494
4495
4496
4497
4498
4500
4501
4504
4505
4507
4508
4509
4510
4511
4513
4520
4521
4522
4524
4525
4527
4528
4530
4531
4533
4541
4542
4543
4547
4549
4551
4555
4557
4559
4561
4563
4569
4571
4574
4575
4579
4581
4582
4583
4585
4586
4588
4591
4592
4596
4597
4601
4605
4606
4617
4620
4621
4626
4628
4629
4637
4643
4649
4650
4657
4658
4666
4667
4668
4669
4671
4676
4679
4680
4681
4683
4684
4685
4686
4688
4691
4699
4704
4705
4709
4710
4712
4713
4714
4715
4716
4718
4721
4724
4728
4729
4733
4734
4736
4737
4739
4741
4749
4750
4751
4756
4757
4760
4763
4765
4766
4767
4768
4773
4775
4781
4782
4784
4785
4787
4788
4791
4794
4799
4800
4801
4803
4805
4806
4807
4808
4814
4821
4822
4823
4824
4825
4826
4827
4832
4833
4834
4837
4838
4841
4843
4845
4846
4847
4849
4851
4852
4853
4858
4860
4861
4862
4864
4865
4868
4869
4870
4871
4873
4874
4876
4878
4881
4883
4884
4887
4888
4890
4893
4894
4896
4903
4907
4910
4911
4912
4913
4914
4915
4919
4920
4925
4928
4930
4933
4940
4941
4943
4944
4948
4949
4954
4958
4962
4967
4968
4969
4970
4972
4973
4978
4979
4981
4982
4984
4986
4987
4988
4992
4999
5001
5002
5003
5006
5008
5013
5016
5017
5018
5019
5020
5021
5024
5025
5029
5030
5031
5033
5036
5044
5046
5049
5050
5051
5054
5055
5057
5058
5063
5065
5069
5070
5072
5077
5080
5081
5083
5084
5090
5091
5092
5094
5099
5102
5109
5110
5112
5115
5119
5120
5121
5122
5129
5130
5134
5138
5139
5142
5143
5146
5148
5149
5150
5152
5153
5154
5157
5158
5162
5163
5164
5165
5172
5174
5175
5176
5178
5181
5182
5185
5187
5188
5189
5190
5198
5199
5201
5202
5209
5210
5212
5216
5219
5220
5222
5224
5225
5228
5231
5234
5235
5236
5237
5241
5242
5243
5254
5255
5256
5262
5263
5264
5269
5271
5272
5274
5277
5281
5282
5285
5289
5292
5295
5296
5302
5307
5309
5311
5312
5317
5320
5322
5323
5324
5326
5331
5339
5342
5343
5346
5347
5348
5349
5351
5354
5357
5360
5362
5363
5364
5368
5370
5372
5374
5377
5379
5382
5383
5386
5387
5398
5405
5406
5419
5424
5427
5428
5431
5433
5434
5435
5437
5439
5442
5444
5446
5449
5450
5451
5452
5453
5454
5465
5467
5468
5470
5478
5482
5487
5488
5489
5490
5491
5492
5493
5494
5495
5496
5497
5498
5502
5506
5507
5508
5509
5511
5514
5519
5521
5522
5524
5525
5529
5534
5539
5540
5543
5546
5548
5553
5554
5555
5556
5557
5559
5562
5568
5575
5576
5579
5581
5582
5584
5585
5589
5593
5596
5597
5599
5600
5601
5603
5604
5608
5611
5614
5618
5621
5624
5629
5630
5632
5634
5636
5642
5643
5647
5656
5657
5662
5665
5670
5671
5675
5678
5679
5680
5685
5687
5688
5691
5697
5702
5704
5721
5722
5726
5728
5731
5733
5735
5736
5737
5738
5749
5752
5755
5760
5761
5762
5763
5765
5766
5770
5772
5773
5775
5776
5778
5780
5783
5784
5788
5789
5791
5796
5798
5801
5802
5804
5806
5807
5810
5811
5812
5813
5815
5819
5822
5824
5825
5830
5833
5837
5838
5839
5843
5846
5847
5850
5851
5852
5853
5856
5857
5858
5860
5874
5876
5878
5880
5882
5885
5893
5899
5902
5904
5906
5907
5909
5912
5915
5917
5918
5919
5923
5924
5928
5929
5932
5935
5938
5939
5944
5955
5956
5957
5961
5965
5968
5969
5970
5973
5974
5976
5979
5983
5985
5986
5991
5992
5993
5996
5997
6001
6003
6007
6008
6009
6010
6014
6021
6024
6026
6028
6030
6031
6034
6038
6040
6041
6042
6043
6044
6045
6048
6050
6056
6059
6060
6061
6064
6065
6068
6069
6070
6071
6075
6076
6077
6078
6079
6083
6084
6085
6087
6091
6093
6097
6099
6100
6101
6103
6104
6113
6114
6123
6127
6129
6131
6133
6134
6137
6139
6140
6143
6147
6151
6153
6157
6159
6161
6164
6165
6167
6170
6171
6174
6179
6182
6183
6187
6189
6190
6192
6194
6196
6198
6200
6201
6202
6203
6205
6207
6208
6212
6216
6219
6220
6221
6223
6224
6225
6226
6227
6229
6231
6235
6237
6243
6249
6254
6256
6258
6262
6263
6265
6266
6270
6272
6277
6278
6279
6284
6286
6288
6292
6293
6295
6297
6298
6301
6304
6306
6307
6310
6312
6313
6320
6325
6327
6330
6332
6334
6345
6346
6347
6354
6357
6360
6365
6368
6371
6375
6381
6382
6383
6389
6392
6393
6394
6396
6399
6401
6402
6405
6407
6410
6411
6412
6413
6416
6419
6421
6422
6424
6426
6427
6431
6434
6437
6441
6443
6445
6446
6448
6449
6454
6456
6457
6458
6459
6460
6461
6462
6463
6466
6467
6470
6475
6476
6477
6481
6482
6483
6488
6490
6493
6494
6507
6508
6517
6518
6520
6535
6538
6539
6542
6545
6548
6549
6550
6552
6553
6555
6556
6558
6559
6562
6563
6564
6566
6567
6570
6571
6574
6577
6580
6582
6583
6585
6588
6590
6596
6601
6604
6607
6613
6614
6616
6618
6623
6626
6627
6629
6630
6631
6635
6637
6638
6639
6641
6642
6643
6644
6646
6647
6651
6656
6657
6659
6661
6664
6667
6668
6669
6671
6673
6674
6675
6676
6677
6679
6681
6686
6687
6688
6692
6693
6694
6697
6703
6704
6705
6706
6707
6708
6711
6713
6715
6717
6719
6720
6721
6725
6726
6729
6730
6732
6734
6735
6736
6737
6739
6740
6742
6744
6745
6748
6751
6753
6755
6757
6759
6760
6762
6766
6770
6775
6776
6777
6781
6783
6784
6786
6788
6789
6792
6795
6796
6799
6801
6803
6805
6806
6809
6812
6814
6816
6819
6820
6821
6825
6826
6832
6834
6837
6838
6843
6845
6847
6849
6852
6854
6861
6864
6867
6869
6871
6876
6878
6879
6884
6887
6889
6890
6891
6900
6903
6905
6909
6912
6913
6915
6918
6920
6921
6925
6927
6929
6930
6932
6934
6936
6939
6942
6944
6945
6947
6948
6949
6951
6952
6953
6954
6955
6961
6967
6968
6971
6972
6975
6976
6977
6980
6983
6988
6992
6994
6996
6997
6999
7000
7002
7010
7012
7014
7017
7023
7024
7029
7031
7032
7033
7034
7035
7036
7038
7039
7040
7051
7056
7058
7059
7061
7064
7068
7069
7070
7072
7077
7078
7079
7083
7085
7087
7091
7093
7094
7096
7099
7102
7103
7105
7108
7110
7113
7114
7117
7118
7119
7120
7128
7131
7132
7133
7135
7139
7144
7145
7147
7150
7151
7153
7158
7159
7162
7163
7165
7166
7169
7174
7176
7181
7185
7187
7188
7189
7190
7191
7192
7194
7197
7199
7200
7206
7209
7213
7215
7216
7217
7222
7224
7229
7233
7235
7236
7239
7242
7243
7244
7245
7249
7255
7256
7261
7267
7269
7283
7284
7285
7287
7290
7298
7300
7310
7314
7316
7317
7320
7321
7323
7325
7327
7331
7332
7333
7334
7340
7343
7344
7345
7348
7352
7355
7358
7360
7361
7371
7372
7374
7377
7378
7380
7382
7384
7385
7386
7388
7392
7394
7395
7396
7397
7398
7399
7401
7402
7403
7405
7406
7409
7410
7411
7412
7413
7414
7415
7416
7417
7420
7421
7422
7423
7424
7426
7427
7432
7433
7434
7436
7437
7441
7443
7446
7448
7449
7454
7455
7457
7458
7464
7465
7466
7467
7471
7472
7474
7475
7477
7480
7481
7482
7486
7493
7494
7495
7496
7499
7501
7505
7507
7508
7512
7514
7515
7517
7520
